POINT(13.2897646 52.45643629908954)
POINT(13.375108799999998 52.533688299087146)
POINT(13.419764899999999 52.43666619909029)
POINT(13.508689399999998 52.6523629990848)
POINT(13.2738677 52.576389299086124)
POINT(13.5893794 52.51795979908758)
POINT(13.3777699 52.51176429908779)
POINT(13.319004699999999 52.51408099908769)
POINT(13.350181699999998 52.50663009908791)
POINT(13.3534285 52.505217499087976)
POINT(13.321256799999999 52.613955999085384)
POINT(13.2975972 52.518849499087565)
POINT(13.361359199999999 52.51656639908761)
POINT(13.4271072 52.428706099090576)
POINT(13.4137711 52.539402299087016)
POINT(13.337524699999998 52.508461699087874)
POINT(13.3594367 52.5467992990868)
POINT(13.410888699999997 52.53217019908718)
POINT(13.3409744 52.540235699086956)
POINT(13.337255 52.5064946990879)
POINT(13.3218658 52.503865499087986)
POINT(13.445712299999999 52.540099999086976)
POINT(13.2127545 52.540362799086964)
POINT(13.351384199999998 52.50814659908786)
POINT(13.409429 52.520708999087496)
POINT(13.394080899999999 52.517642299087576)
POINT(13.117204 52.40002519909174)
POINT(13.550096099999998 52.46099749908939)
POINT(13.3922425 52.49757899908818)
POINT(13.391758600000001 52.49754969908817)
POINT(13.366959799999998 52.40170379909168)
POINT(13.1317737 52.39708219909187)
POINT(13.367423699999998 52.60812959908547)
POINT(13.575768499999999 52.446070499089934)
POINT(13.369175700000001 52.514683599087675)
POINT(13.340759599999998 52.50611629908792)
POINT(13.293264999999998 52.52448399908739)
POINT(13.3592139 52.56475869908638)
POINT(13.3406559 52.54341999908688)
POINT(13.361016499999998 52.50968169908782)
POINT(13.4045356 52.51159039908777)
POINT(13.5407192 52.438170699090215)
POINT(13.4019195 52.524492799087405)
POINT(13.565390099999998 52.471344499089035)
POINT(13.347954899999998 52.54602059908682)
POINT(13.3141227 52.492174299088354)
POINT(13.406598299999999 52.50457219908796)
POINT(13.4824859 52.474782399088916)
POINT(13.281086900000002 52.51270009908772)
POINT(13.544364299999998 52.465878799089225)
POINT(13.3471466 52.501403899088054)
POINT(13.323822299999998 52.51361409908771)
POINT(13.381797799999998 52.52204369908747)
POINT(13.3933954 52.52005409908751)
POINT(13.394731799999999 52.50349839908801)
POINT(13.31646 52.50062099908807)
POINT(13.266342699999997 52.48095289908872)
POINT(13.254495699999998 52.422494499090845)
POINT(13.2962695 52.509408999087825)
POINT(13.38607 52.55800569908653)
POINT(13.485260499999999 52.47508099908891)
POINT(13.3266441 52.49756649908817)
POINT(13.426637799999998 52.527877899087315)
POINT(13.571371799999998 52.409786399091345)
POINT(13.290402799999999 52.514574499087686)
POINT(13.451142799999998 52.5246550990874)
POINT(13.409245099999998 52.533082299087155)
POINT(13.375695399999998 52.5547097990866)
POINT(13.3986916 52.5174824990876)
POINT(13.398464899999999 52.517466799087586)
POINT(13.425700299999999 52.528409899087286)
POINT(13.4308902 52.47887429908879)
POINT(13.426465199999999 52.42762719909063)
POINT(13.4077428 52.57381309908616)
POINT(13.499417199999998 52.440482599090146)
POINT(13.4727345 52.484813799088585)
POINT(13.412194999999999 52.518413499087565)
POINT(13.448772299999998 52.452627299089684)
POINT(13.302162599999999 52.49907949908814)
POINT(13.449752899999998 52.51502579908766)
POINT(13.370744299999998 52.5316021990872)
POINT(13.395580299999999 52.51657019908761)
POINT(13.402018099999998 52.52196259908745)
POINT(13.5458246 52.465531399089244)
POINT(13.459329 52.50131329908809)
POINT(13.460021 52.500958999088084)
POINT(13.4168985 52.4362592990903)
POINT(13.5525722 52.44606749908992)
POINT(13.310711499999998 52.64473619908492)
POINT(13.6942404 52.383668999092464)
POINT(13.689597799999998 52.41824209909099)
POINT(13.2936163 52.51990219908752)
POINT(13.278505499999998 52.50328009908801)
POINT(13.4269419 52.47340379908897)
POINT(13.410536199999997 52.51541989908766)
POINT(13.335102599999999 52.4494739990898)
POINT(13.5348947 52.435411999090334)
POINT(13.330586299999998 52.52620909908735)
POINT(13.4832978 52.47422929908893)
POINT(13.484288 52.550235199086735)
POINT(13.3986047 52.508023399087875)
POINT(13.276856699999998 52.5773457990861)
POINT(13.2526966 52.446508199089905)
POINT(13.3687677 52.514229099087686)
POINT(13.542956099999998 52.463460299089306)
POINT(13.414768099999998 52.46291639908932)
POINT(13.5223483 52.46496619908927)
POINT(13.293056 52.528186699087286)
POINT(13.414457799999997 52.51279149908772)
POINT(13.2943636 52.54107489908696)
POINT(13.594474899999998 52.439714599090166)
POINT(13.4183789 52.57514179908614)
POINT(13.413232499999998 52.525497099087374)
POINT(13.451786299999998 52.47337619908896)
POINT(13.3228522 52.51073269908778)
POINT(13.4661 52.49240999908834)
POINT(13.4708932 52.53079349908721)
POINT(13.375303299999999 52.5101191990878)
POINT(13.3358046 52.44623739908993)
POINT(13.3537427 52.55247199908667)
POINT(13.3704874 52.5202261990875)
POINT(13.3678013 52.597103099085686)
POINT(13.367464099999998 52.507414699087875)
POINT(13.2881424 52.45197589908971)
POINT(13.375472399999998 52.48949029908843)
POINT(13.3261323 52.561319599086445)
POINT(13.4034811 52.521413699087475)
POINT(13.606142499999999 52.50291819908801)
POINT(13.317328400000001 52.492321199088344)
POINT(13.374518599999998 52.52613599908736)
POINT(13.4075224 52.517764099087586)
POINT(13.4159972 52.513237799087726)
POINT(13.249973299999999 52.5173540990876)
POINT(13.3892456 52.547811699086765)
POINT(13.386207299999999 52.51706189908761)
POINT(13.414755699999999 52.51417259908768)
POINT(13.2624811 52.425496999090704)
POINT(13.561910299999997 52.54349199908688)
POINT(13.433921299999998 52.46583879908922)
POINT(13.4041373 52.64726239908487)
POINT(13.409168199999998 52.4903223990884)
POINT(13.369253599999999 52.51512729908766)
POINT(13.5251598 52.49574609908824)
POINT(13.3965897 52.50486839908796)
POINT(13.365917 52.50189089908805)
POINT(13.4442797 52.501426399088075)
POINT(13.1334847 52.39439099909201)
POINT(13.272155499999998 52.50935739908784)
POINT(13.2948344 52.52641119908734)
POINT(13.483299499999998 52.50460389908797)
POINT(13.410620099999997 52.55279789908666)
POINT(13.3501167 52.541940799086916)
POINT(13.370619999999999 52.56364479908637)
POINT(13.233042599999997 52.52284559908744)
POINT(13.6186406 52.53096009908723)
POINT(13.3439105 52.45573639908959)
POINT(13.1944643 52.4311734990905)
POINT(13.4806484 52.4872891990885)
POINT(13.3209965 52.50876969908783)
POINT(13.295889399999998 52.520166199087505)
POINT(13.274587099999998 52.57911449908605)
POINT(13.371817 52.508766899087824)
POINT(13.336379400000002 52.52385899908741)
POINT(13.421108699999998 52.43252449909045)
POINT(13.436011399999998 52.50533059908795)
POINT(13.400844799999998 52.56578389908635)
POINT(13.3061926 52.50804379908788)
POINT(13.4267372 52.52786249908732)
POINT(13.5589909 52.542881099086905)
POINT(13.342976 52.57436759908615)
POINT(13.4348713 52.5349580990871)
POINT(13.3506458 52.5772167990861)
POINT(13.255712299999999 52.43191589909048)
POINT(13.3247783 52.50802359908786)
POINT(13.344760999999998 52.51995059908752)
POINT(13.5285153 52.505089899087935)
POINT(13.280982099999997 52.49194949908835)
POINT(13.328288199999998 52.44241189909008)
POINT(13.354200999999998 52.497408299088185)
POINT(13.322837199999999 52.4997778990881)
POINT(13.2730028 52.455855599089595)
POINT(13.342752699999998 52.50309619908802)
POINT(13.3888163 52.51590909908764)
POINT(13.3170848 52.50124679908806)
POINT(13.383130299999998 52.522741499087445)
POINT(13.333832999999998 52.504116299088)
POINT(13.3117068 52.47862159908878)
POINT(13.3254182 52.50223379908804)
POINT(13.369081 52.52533619908737)
POINT(13.3235042 52.4970423990882)
POINT(13.390419499999998 52.51745089908759)
POINT(13.3485026 52.51332479908771)
POINT(13.169329699999999 52.53056899908722)
POINT(13.472489499999998 52.464071199089275)
POINT(13.293039699999998 52.525678699087365)
POINT(13.416020600000001 52.431865899090475)
POINT(13.2843005 52.65908709908473)
POINT(13.449003799999998 52.50869149908786)
POINT(13.424002900000001 52.54270069908691)
POINT(13.307997299999998 52.516977399087615)
POINT(13.3903737 52.50750749908788)
POINT(13.4512104 52.50755119908789)
POINT(13.530086299999999 52.502122499088024)
POINT(13.3566353 52.486822499088525)
POINT(13.5693002 52.53681669908706)
POINT(13.5758126 52.536306499087075)
POINT(13.344630299999999 52.4578924990895)
POINT(13.3186121 52.53031079908724)
POINT(13.330626599999999 52.50659469908789)
POINT(13.442503999999998 52.4751171990889)
POINT(13.4419715 52.51769129908758)
POINT(13.526600499999999 52.49927019908814)
POINT(13.3688189 52.51835679908758)
POINT(13.422968599999999 52.499730999088115)
POINT(13.420943999999999 52.49221139908835)
POINT(13.2894689 52.458846299089466)
POINT(13.413786 52.502672399088034)
POINT(13.319279999999997 52.50184599908807)
POINT(13.400539599999998 52.517264299087586)
POINT(13.3747784 52.50833039908786)
POINT(13.378434 52.50878839908784)
POINT(13.575379999999997 52.44413999909)
POINT(13.350201 52.51015669908781)
POINT(13.3224408 52.48436509908861)
POINT(13.3485062 52.54596799908682)
POINT(13.2067237 52.53768589908703)
POINT(13.3597341 52.49786359908816)
POINT(13.301643 52.63580779908503)
POINT(13.2889441 52.45835649908948)
POINT(13.1639949 52.46306939908932)
POINT(13.427890100000003 52.541805299086924)
POINT(13.424806599999998 52.487091899088526)
POINT(13.318459299999999 52.50803979908786)
POINT(13.473904 52.52752369908732)
POINT(13.401995999999999 52.530144999087234)
POINT(13.473936999999998 52.52749369908732)
POINT(13.3070724 52.44701869908989)
POINT(13.407740199999997 52.52296879908743)
POINT(13.593003299999998 52.53429869908712)
POINT(13.402275800000002 52.52431179908741)
POINT(13.471836899999998 52.5279198990873)
POINT(13.3409952 52.54176829908695)
POINT(13.368090399999998 52.50560719908795)
POINT(13.3948088 52.51827059908757)
POINT(13.387916399999998 52.5243118990874)
POINT(13.396861 52.513204699087716)
POINT(13.273899499999999 52.57689609908608)
POINT(13.341851899999998 52.474407299088945)
POINT(13.404607699999998 52.51705039908761)
POINT(13.4719374 52.486141699088535)
POINT(13.6245661 52.52979249908725)
POINT(13.368314699999999 52.5072477990879)
POINT(13.4723423 52.52924609908726)
POINT(13.416231499999999 52.54756539908678)
POINT(13.3951496 52.53257149908718)
POINT(13.426579399999998 52.52803709908731)
POINT(13.328862800000001 52.50521059908796)
POINT(13.3986401 52.51778039908757)
POINT(13.3984095 52.517766999087556)
POINT(13.361509699999997 52.51671679908761)
POINT(13.3814348 52.50574689908794)
POINT(13.328801499999999 52.48662159908854)
POINT(13.4014435 52.51415539908768)
POINT(13.3418793 52.473955299088935)
POINT(13.2376594 52.51449429908767)
POINT(13.339523999999999 52.5421369990869)
POINT(13.359034199999998 52.51696319908761)
POINT(13.259259399999998 52.50886249908785)
POINT(13.4021173 52.52199529908746)
POINT(13.3976836 52.52065289908751)
POINT(13.4133041 52.559178199086496)
POINT(13.381969899999998 52.48965159908843)
POINT(13.5562646 52.54675889908682)
POINT(13.364724800000001 52.51605179908765)
POINT(13.308371699999999 52.52018249908752)
POINT(13.5317335 52.461555299089376)
POINT(13.3617052 52.516653999087644)
POINT(13.582519999999999 52.417671999091034)
POINT(13.277614599999998 52.4905943990884)
POINT(13.623573699999998 52.529900399087246)
POINT(13.3650627 52.553594299086626)
POINT(13.4060339 52.516872499087604)
POINT(13.37351 52.50960319908783)
POINT(13.397032599999998 52.5176989990876)
POINT(13.3792937 52.50901249908784)
POINT(13.5557033 52.55307399908665)
POINT(13.398580599999999 52.52010859908751)
POINT(13.3866571 52.54773229908679)
POINT(13.264906799999999 52.59357699908574)
POINT(13.407706999999998 52.517103699087606)
POINT(13.194247899999999 52.43060649909051)
POINT(13.443775599999999 52.50115659908807)
POINT(13.242056399999997 52.5134501990877)
POINT(13.3592154 52.51693319908761)
POINT(13.3610439 52.60232999908558)
POINT(13.3615677 52.51649839908762)
POINT(13.379283799999998 52.52611609908736)
POINT(13.402287699999999 52.521734999087464)
POINT(13.3133425 52.49013629908842)
POINT(13.609378899999998 52.53609959908708)
POINT(13.3250315 52.4693007990891)
POINT(13.5740024 52.44553969908997)
POINT(13.4447148 52.45514949908959)
POINT(13.336691599999998 52.50483339908798)
POINT(13.379771299999998 52.50936639908783)
POINT(13.359429899999999 52.51697549908761)
POINT(13.406376899999998 52.57639869908611)
POINT(13.250744499999998 52.50973819908782)
POINT(13.3525944 52.54346229908688)
POINT(13.5561836 52.546716499086806)
POINT(13.426682099999999 52.52803259908728)
POINT(13.314756399999998 52.49056819908839)
POINT(13.5578447 52.5107438990878)
POINT(13.486853899999998 52.54827889908676)
POINT(13.4591012 52.529626999087235)
POINT(13.406599299999998 52.524297999087395)
POINT(13.4036342 52.53451499908713)
POINT(13.371831 52.48056829908872)
POINT(13.359518099999999 52.51705179908762)
POINT(13.3757286 52.472787999089)
POINT(13.4150733 52.51392799908768)
POINT(13.4605718 52.474501599088946)
POINT(13.3913957 52.50879179908787)
POINT(13.4492187 52.473426399088964)
POINT(13.4123477 52.52760769908732)
POINT(13.3822143 52.50487079908795)
POINT(13.4164298 52.49723419908819)
POINT(13.3798678 52.480703599088734)
POINT(13.294924 52.51876559908756)
POINT(13.4268436 52.52784739908732)
POINT(13.3712505 52.52910249908727)
POINT(13.442986299999998 52.50068079908809)
POINT(13.248242199999998 52.50236849908805)
POINT(13.3741754 52.52348689908742)
POINT(13.4068228 52.57475969908615)
POINT(13.4505454 52.54034639908698)
POINT(13.3978292 52.503613599088006)
POINT(13.4151943 52.4334835990904)
POINT(13.401520199999998 52.52005439908752)
POINT(13.5649261 52.47094659908905)
POINT(13.503411 52.44352869909003)
POINT(13.5024494 52.44350239909003)
POINT(13.4573212 52.49390759908829)
POINT(13.3612717 52.48161729908868)
POINT(13.371112499999999 52.54428079908687)
POINT(13.433016199999999 52.53485299908713)
POINT(13.3473198 52.539369499086995)
POINT(13.3486216 52.51326729908773)
POINT(13.412626499999998 52.50608169908792)
POINT(13.475702399999998 52.475792499088875)
POINT(13.318870599999999 52.50616629908793)
POINT(13.4734829 52.438748699090226)
POINT(13.383606999999998 52.532341899087164)
POINT(13.4451359 52.539995899086975)
POINT(13.524945799999998 52.49802909908817)
POINT(13.3416184 52.50773089908787)
POINT(13.3297156 52.50717589908789)
POINT(13.369616999999998 52.51497379908765)
POINT(13.3945275 52.576155799086116)
POINT(13.529571299999999 52.50000649908809)
POINT(13.486471099999997 52.548988199086736)
POINT(13.284147099999998 52.49211199908835)
POINT(13.431645799999998 52.55201669908668)
POINT(13.405634999999998 52.487021799088524)
POINT(13.4015289 52.50123649908809)
POINT(13.2138542 52.541218399086944)
POINT(13.620038799999998 52.44781259908987)
POINT(13.4790258 52.514509399087686)
POINT(13.4357058 52.486503899088554)
POINT(13.549769699999999 52.46268049908934)
POINT(13.2739945 52.588668499085856)
POINT(13.368450200000002 52.4204027990909)
POINT(13.4198213 52.51236219908775)
POINT(13.416126699999998 52.544827599086844)
POINT(13.336372499999998 52.44866429908984)
POINT(13.2685131 52.5074257990879)
POINT(13.292956299999998 52.4606000990894)
POINT(13.377405299999998 52.55544199908658)
POINT(13.541453399999998 52.464714499089254)
POINT(13.429188199999999 52.43021499909052)
POINT(13.2937343 52.491378699088365)
POINT(13.4121529 52.50587939908792)
POINT(13.516834099999999 52.4575555990895)
POINT(13.289594599999997 52.50503059908795)
POINT(13.4727556 52.52814229908729)
POINT(13.46523 52.491779999088365)
POINT(13.4696455 52.49035269908842)
POINT(13.4340648 52.42833649909058)
POINT(13.3397587 52.543260899086896)
POINT(13.2863134 52.58630679908591)
POINT(13.4182215 52.50060179908808)
POINT(13.412515099999998 52.4903182990884)
POINT(13.377308399999999 52.524469699087405)
POINT(13.3283485 52.53462929908712)
POINT(13.4711728 52.53072299908723)
POINT(13.5796598 52.44428839909001)
POINT(13.427752599999998 52.43028449909053)
POINT(13.5740569 52.4465579990899)
POINT(13.52038 52.45568739908959)
POINT(13.478124099999999 52.5137369990877)
POINT(13.203066099999997 52.54022719908697)
POINT(13.3090427 52.502741899088)
POINT(13.165222399999998 52.42876769909058)
POINT(13.324480199999998 52.4971114990882)
POINT(13.473904699999999 52.51409249908768)
POINT(13.385034099999999 52.547458799086805)
POINT(13.5300944 52.50255799908803)
POINT(13.323004 52.513237299087706)
POINT(13.480451999999998 52.47615359908888)
POINT(13.164987199999999 52.43388399909038)
POINT(13.508875999999999 52.45182329908972)
POINT(13.3663036 52.57556949908612)
POINT(13.2941775 52.52037539908753)
POINT(13.419138299999998 52.55983929908648)
POINT(13.238076100000002 52.44231949909008)
POINT(13.3269512 52.51257529908772)
POINT(13.3508104 52.5423370990869)
POINT(13.5272371 52.49938879908813)
POINT(13.0977315 52.40330009909161)
POINT(13.3863294 52.515311699087626)
POINT(13.4484701 52.508404699087855)
POINT(13.363020299999999 52.52848069908727)
POINT(13.52768 52.46750119908917)
POINT(13.506348 52.44774069908988)
POINT(13.1625869 52.46019119908943)
POINT(13.2959708 52.50582529908792)
POINT(13.4811773 52.47560339908889)
POINT(13.495617200000002 52.503864999088)
POINT(13.5385238 52.457285099089525)
POINT(13.3387354 52.54191269908693)
POINT(13.3605268 52.49839039908815)
POINT(13.48811 52.47423999908895)
POINT(13.391710399999997 52.50663119908789)
POINT(13.3975159 52.515888399087636)
POINT(13.3954892 52.51714959908761)
POINT(13.093899 52.40448399909156)
POINT(13.3644883 52.511568199087755)
POINT(13.3985929 52.52060309908751)
POINT(13.0975792 52.41163029909126)
POINT(13.3846272 52.51174889908775)
POINT(13.4267687 52.52794409908731)
POINT(13.247433 52.447816699089856)
POINT(13.346330199999999 52.511597199087745)
POINT(13.538586799999997 52.45698919908955)
POINT(13.4230842 52.43900279909019)
POINT(13.3996618 52.510573299087774)
POINT(13.278086 52.50500689908796)
POINT(13.409484399999998 52.551922399086685)
POINT(13.0928174 52.40549209909152)
POINT(13.391925199999998 52.549975199086724)
POINT(13.409137199999998 52.54409219908687)
POINT(13.355449599999998 52.49340219908831)
POINT(13.432264199999999 52.47001179908908)
POINT(13.4884906 52.54182809908692)
POINT(13.4399053 52.53326939908716)
POINT(13.413479299999999 52.572103899086194)
POINT(13.402228 52.56941309908626)
POINT(13.403388 52.53765299908703)
POINT(13.479651 52.50278809908802)
POINT(13.36739 52.50533979908794)
POINT(13.3593582 52.504414099087974)
POINT(13.3269119 52.50067249908808)
POINT(13.325985499999998 52.50206069908805)
POINT(13.326934200000002 52.500865499088086)
POINT(13.405691199999998 52.51321559908774)
POINT(13.431539599999999 52.5008609990881)
POINT(13.397188099999997 52.527004499087326)
POINT(13.3888443 52.52678929908732)
POINT(13.3218877 52.4879527990885)
POINT(13.327274199999998 52.49806439908815)
POINT(13.4516001 52.4971629990882)
POINT(13.3253002 52.503953299087975)
POINT(13.350510599999998 52.506696399087915)
POINT(13.4428239 52.49874199908815)
POINT(13.328046299999999 52.45458719908961)
POINT(13.352329599999997 52.486504399088524)
POINT(13.434821199999998 52.53730639908704)
POINT(13.147896499999998 52.52298389908742)
POINT(13.4366053 52.471189499089036)
POINT(13.452712499999999 52.51644079908762)
POINT(13.478110399999998 52.502685899088014)
POINT(13.3717977 52.54440639908686)
POINT(13.3227384 52.4971247990882)
POINT(13.289626599999998 52.633991699085065)
POINT(13.3652994 52.50218689908805)
POINT(13.353904 52.49005969908844)
POINT(13.409609099999999 52.503833099088)
POINT(13.4057226 52.50940169908781)
POINT(13.3270023 52.501399999088065)
POINT(13.447752 52.51697449908761)
POINT(13.384518399999997 52.49726519908818)
POINT(13.4090758 52.54638369908679)
POINT(13.388961299999998 52.51487039908767)
POINT(13.319964699999998 52.50722729908789)
POINT(13.397353599999999 52.493940499088296)
POINT(13.3283478 52.52904509908726)
POINT(13.145929199999998 52.41652059909108)
POINT(13.411787699999998 52.52612509908735)
POINT(13.391054199999997 52.527143599087324)
POINT(13.397919299999998 52.506247899087924)
POINT(13.4401793 52.47770269908883)
POINT(13.4903974 52.50482679908796)
POINT(13.2965108 52.50883309908784)
POINT(13.316799899999998 52.50436879908796)
POINT(13.524568099999998 52.459473499089455)
POINT(13.395899299999998 52.526728899087345)
POINT(13.31319 52.494538799088275)
POINT(13.3539354 52.489760999088425)
POINT(13.420563899999998 52.544346099086866)
POINT(13.3037675 52.51717969908759)
POINT(13.385230499999999 52.49796829908817)
POINT(13.396231200000003 52.529258799087266)
POINT(13.4254363 52.53775269908702)
POINT(13.3961905 52.52679869908731)
POINT(13.305352999999998 52.51487689908766)
POINT(13.3136309 52.50313449908802)
POINT(13.4204361 52.503195499088)
POINT(13.402485899999999 52.51437339908768)
POINT(13.361362899999998 52.494808899088284)
POINT(13.372420499999999 52.50655709908792)
POINT(13.3898033 52.517437699087594)
POINT(13.397946199999998 52.50630339908792)
POINT(13.445293099999999 52.473492799088966)
POINT(13.353105199999998 52.49899679908813)
POINT(13.3933373 52.50486259908797)
POINT(13.495511699999998 52.63320849908506)
POINT(13.574047299999998 52.53748299908703)
POINT(13.482887699999997 52.466323099089195)
POINT(13.400184599999998 52.49470669908827)
POINT(13.396686500000001 52.569616999086264)
POINT(13.3957468 52.51657589908762)
POINT(13.5729737 52.44231699909007)
POINT(13.3124001 52.489455299088455)
POINT(13.362985799999999 52.50760509908788)
POINT(13.5795484 52.45537729908959)
POINT(13.412565200000001 52.51438359908768)
POINT(13.715152300000002 52.43118139909048)
POINT(13.5070963 52.45238239908969)
POINT(13.59545 52.439589999090174)
POINT(13.3797516 52.52630209908735)
POINT(13.261859199999998 52.5465288990868)
POINT(13.396867099999998 52.5073341990879)
POINT(13.3995087 52.520475399087495)
POINT(13.395368499999998 52.51714309908761)
POINT(13.4287615 52.48293429908865)
POINT(13.627434599999999 52.44507699908996)
POINT(13.3152553 52.51192379908773)
POINT(13.4140606 52.43747909909026)
POINT(13.398691999999999 52.52614479908735)
POINT(13.517861399999997 52.45761769908951)
POINT(13.2862663 52.51920789908754)
POINT(13.339558799999999 52.54232869908691)
POINT(13.5278652 52.467908299089146)
POINT(13.3735594 52.51310289908771)
POINT(13.439939499999998 52.462973599089324)
POINT(13.5254062 52.402322799091664)
POINT(13.4333181 52.443839799090014)
POINT(13.4001013 52.58021359908602)
POINT(13.5286722 52.50424439908798)
POINT(13.3392782 52.50624589908792)
POINT(13.115593699999998 52.40129719909172)
POINT(13.3250802 52.50302759908803)
POINT(13.3749541 52.51204769908775)
POINT(13.304825699999999 52.503465199088005)
POINT(13.428946499999999 52.42817219909059)
POINT(13.429391099999998 52.42817979909061)
POINT(13.450762599999997 52.5769648990861)
POINT(13.3991493 52.51909839908754)
POINT(13.3328196 52.47154349908902)
POINT(13.325420799999998 52.51636629908763)
POINT(13.3510939 52.52409879908739)
POINT(13.4068889 52.56887659908627)
POINT(13.4265266 52.52793029908731)
POINT(13.2514328 52.51062429908779)
POINT(13.368474199999998 52.518630999087556)
POINT(13.167418899999998 52.5208252990875)
POINT(13.530824 52.48322539908864)
POINT(13.4746429 52.48948839908844)
POINT(13.581791499999998 52.556312799086584)
POINT(13.2747258 52.466199899089226)
POINT(13.249901899999998 52.50845329908786)
POINT(13.2733353 52.50914149908783)
POINT(13.4137139 52.43375549909039)
POINT(13.273266100000003 52.509057599087825)
POINT(13.4971441 52.600290099085626)
POINT(13.1797867 52.44835229908985)
POINT(13.427725699999998 52.42813839909062)
POINT(13.502570099999998 52.6256976990852)
POINT(13.393789299999998 52.56958199908625)
POINT(13.1079714 52.46583759908921)
POINT(13.3535915 52.5508665990867)
POINT(13.452208399999998 52.54975029908671)
POINT(13.3867337 52.55193539908668)
POINT(13.1817243 52.48493959908858)
POINT(13.349391 52.43142839909048)
POINT(13.372017499999998 52.52842669908729)
POINT(13.518589700000001 52.50969709908782)
POINT(13.339783499999998 52.51916159908754)
POINT(13.407991199999998 52.51636809908762)
POINT(13.171647099999998 52.519925399087526)
POINT(13.374355799999998 52.526210599087335)
POINT(13.426547 52.52800099908731)
POINT(13.426540299999997 52.52789289908731)
POINT(13.384392099999998 52.51166249908776)
POINT(13.3858339 52.51189439908777)
POINT(13.2829092 52.53536569908709)
POINT(13.4161347 52.432205399090456)
POINT(13.3530508 52.54568389908683)
POINT(13.346509 52.511547299087766)
POINT(13.4645632 52.51732179908758)
POINT(13.577060999999999 52.458626799089465)
POINT(13.4032861 52.510451999087785)
POINT(13.3683003 52.53010319908724)
POINT(13.357777699999998 52.49844769908814)
POINT(13.5051864 52.5351054990871)
POINT(13.4798721 52.66245509908468)
POINT(13.3936026 52.519318599087555)
POINT(13.319929699999998 52.47416499908895)
POINT(13.2810476 52.51293839908773)
POINT(13.2967436 52.518778199087535)
POINT(13.579096499999999 52.44536379908996)
POINT(13.495072999999998 52.417444999091046)
POINT(13.502228099999998 52.443451899090014)
POINT(13.2603049 52.435449599090326)
POINT(13.4144815 52.526901899087335)
POINT(13.440784799999998 52.54206199908693)
POINT(13.415875899999998 52.51082679908778)
POINT(13.3998533 52.532559599087165)
POINT(13.394857899999998 52.568929999086286)
POINT(13.413725699999999 52.513283099087715)
POINT(13.3936873 52.52213569908746)
POINT(13.3642087 52.50105039908808)
POINT(13.396908199999999 52.50734589908788)
POINT(13.3320045 52.50801909908786)
POINT(13.3642097 52.506300299087926)
POINT(13.4153741 52.51304949908772)
POINT(13.3979291 52.52057379908751)
POINT(13.352539400000001 52.50465749908798)
POINT(13.107700099999999 52.40007959909173)
POINT(13.3937304 52.51784769908758)
POINT(13.534408599999999 52.50804179908789)
POINT(13.3741258 52.50261989908804)
POINT(13.368680399999999 52.51827299908757)
POINT(13.18327 52.548058599086765)
POINT(13.368587999999999 52.51435119908768)
POINT(13.4115189 52.5135274990877)
POINT(13.177820099999998 52.438807999090216)
POINT(13.191703599999999 52.51198919908777)
POINT(13.4029806 52.569563899086255)
POINT(13.2984174 52.4975685990882)
POINT(13.579625399999998 52.5360723990871)
POINT(13.4100649 52.51423279908768)
POINT(13.367117000000002 52.50562539908793)
POINT(13.5269397 52.45724159908954)
POINT(13.392429200000002 52.51428899908769)
POINT(13.117215599999998 52.40001899909175)
POINT(13.572059999999999 52.44240999909007)
POINT(13.3517562 52.50446479908797)
POINT(13.4012274 52.517031599087595)
POINT(13.309923599999998 52.599230999085655)
POINT(13.3987254 52.52108909908749)
POINT(13.4073111 52.4308156990905)
POINT(13.395251199999999 52.52800879908729)
POINT(13.3263436 52.505588099087944)
POINT(13.566235000000002 52.44829239908984)
POINT(13.340335299999998 52.50612029908793)
POINT(13.131848099999997 52.39712789909188)
POINT(13.295119399999999 52.52646129908735)
POINT(13.321440399999998 52.51737399908759)
POINT(13.406913899999997 52.52150569908749)
POINT(13.317087599999999 52.50123179908807)
POINT(13.3912329 52.526901199087305)
POINT(13.351853899999998 52.48006679908873)
POINT(13.367841299999998 52.50735669908789)
POINT(13.473943699999998 52.527597899087326)
POINT(13.423512599999999 52.4281247990906)
POINT(13.4078914 52.57852819908606)
POINT(13.452216299999998 52.518837899087565)
POINT(13.482667499999998 52.48878699908844)
POINT(13.3970128 52.5314367990872)
POINT(13.342811099999999 52.51797189908757)
POINT(13.2975889 52.45578719908958)
POINT(13.398877099999998 52.517792099087586)
POINT(13.2615082 52.46736989908917)
POINT(13.4591793 52.55482079908661)
POINT(13.419680800000002 52.486042899088545)
POINT(13.384669699999998 52.511673099087766)
POINT(13.391895999999997 52.52730119908731)
POINT(13.3686067 52.55256959908665)
POINT(13.3150553 52.50475379908796)
POINT(13.3962017 52.56901739908626)
POINT(13.376373699999998 52.51379819908772)
POINT(13.3964194 52.526833999087316)
POINT(13.369270699999998 52.50706789908789)
POINT(13.3669177 52.50295909908803)
POINT(13.5277271 52.46759859908917)
POINT(13.3911183 52.440492999090125)
POINT(13.5262532 52.491816799088376)
POINT(13.456186499999998 52.51779789908756)
POINT(13.396259999999998 52.51126019908777)
POINT(13.531051799999998 52.49810639908816)
POINT(13.478826999999999 52.47724389908883)
POINT(13.7208069 52.43890049909022)
POINT(13.462528700000002 52.55572639908658)
POINT(13.458522899999998 52.519579999087554)
POINT(13.510451599999998 52.451244299089744)
POINT(13.286948899999999 52.50782489908787)
POINT(13.294651999999997 52.52111639908748)
POINT(13.4207543 52.43651399909028)
POINT(13.4227945 52.49121949908837)
POINT(13.2746435 52.584334499085934)
POINT(13.311987700000001 52.50601949908792)
POINT(13.4765607 52.489545499088436)
POINT(13.381213099999998 52.49260559908834)
POINT(13.501133299999998 52.62608409908519)
POINT(13.479938499999998 52.48367259908863)
POINT(13.4218102 52.43590999909031)
POINT(13.2920498 52.520554199087485)
POINT(13.422457799999998 52.4279837990906)
POINT(13.485589 52.666826999084634)
POINT(13.400436399999998 52.580229999086036)
POINT(13.468322199999998 52.484230899088615)
POINT(13.427218099999997 52.428858599090574)
POINT(13.3926373 52.527596799087334)
POINT(13.3378677 52.507389699087874)
POINT(13.304033999999998 52.5171948990876)
POINT(13.430754599999998 52.53801529908702)
POINT(13.402968299999998 52.5202281990875)
POINT(13.4024723 52.51445409908768)
POINT(13.330264599999998 52.47955019908875)
POINT(13.4985097 52.45443299908962)
POINT(13.538851099999999 52.45112889908976)
POINT(13.4068956 52.57801369908608)
POINT(13.4129967 52.54465519908686)
POINT(13.346491999999998 52.52382559908741)
POINT(13.5048956 52.45351019908966)
POINT(13.4347913 52.48769759908848)
POINT(13.431274999999998 52.479463699088754)
POINT(13.334071 52.503434999088)
POINT(13.5420428 52.40213089909167)
POINT(13.3991902 52.52692169908733)
POINT(13.4209033 52.60684099908551)
POINT(13.508605799999998 52.52164259908747)
POINT(13.365612400000002 52.52724539908733)
POINT(13.583336499999998 52.554549699086614)
POINT(13.627162 52.376744699092775)
POINT(13.171891699999998 52.418807399090994)
POINT(13.409943099999998 52.57063079908624)
POINT(13.462381499999998 52.49333439908833)
POINT(13.342678899999997 52.50864499908784)
POINT(13.3035943 52.48709089908851)
POINT(13.407406199999999 52.51660139908761)
POINT(13.526962900000001 52.46764579908916)
POINT(13.431331699999998 52.482070599088686)
POINT(13.595129999999997 52.439739999090165)
POINT(13.443806699999998 52.51538859908765)
POINT(13.544918299999999 52.46568499908923)
POINT(13.4367861 52.538823099087004)
POINT(13.5956 52.43928999909018)
POINT(13.350606999999998 52.517062199087604)
POINT(13.388755899999998 52.4607220990894)
POINT(13.503329200000001 52.448267899089835)
POINT(13.378495999999998 52.539021699086994)
POINT(13.0928792 52.40769819909142)
POINT(13.312047499999998 52.489492399088434)
POINT(13.5770788 52.536870499087044)
POINT(13.400910500000002 52.50074219908807)
POINT(13.2958883 52.50544819908794)
POINT(13.552763999999998 52.4282167990906)
POINT(13.5329979 52.43142959909048)
POINT(13.3668622 52.5067381990879)
POINT(13.282022899999998 52.44725679908989)
POINT(13.4167319 52.433058599090415)
POINT(13.4235322 52.4387992990902)
POINT(13.3981128 52.50651269908793)
POINT(13.346447399999999 52.53936579908699)
POINT(13.3815238 52.48773879908849)
POINT(13.4308837 52.49302629908832)
POINT(13.418267799999999 52.50238199908803)
POINT(13.375326199999998 52.5550907990866)
POINT(13.337678900000002 52.5074539990879)
POINT(13.100190399999999 52.423815799090775)
POINT(13.5309817 52.43040179909051)
POINT(13.3944783 52.5277835990873)
POINT(13.5296945 52.448780399089834)
POINT(13.2397078 52.520097099087536)
POINT(13.449190499999998 52.48989439908842)
POINT(13.44454 52.48474479908859)
POINT(13.572852099999999 52.44403289909001)
POINT(13.440536499999999 52.553215899086645)
POINT(13.430623899999999 52.53797539908704)
POINT(13.2987431 52.43602659909031)
POINT(13.4188484 52.49712489908819)
POINT(13.423755199999999 52.504551799087984)
POINT(13.385787699999998 52.51197809908775)
POINT(13.3885333 52.4876933990885)
POINT(13.3948218 52.52716359908733)
POINT(13.4203041 52.43435729909039)
POINT(13.385996800000001 52.55612499908659)
POINT(13.4750165 52.50822489908786)
POINT(13.3157776 52.50783769908787)
POINT(13.430568899999999 52.50472469908796)
POINT(13.437056499999999 52.49291359908833)
POINT(13.408789899999999 52.53419439908713)
POINT(13.392828799999998 52.57048129908624)
POINT(13.384129099999997 52.462562299089335)
POINT(13.414332299999998 52.513054399087714)
POINT(13.364366000000002 52.51792889908757)
POINT(13.400408199999998 52.52132319908749)
POINT(13.5320164 52.44811859908986)
POINT(13.5636149 52.44598909908993)
POINT(13.593739 52.44011699909015)
POINT(13.4580394 52.47330809908895)
POINT(13.342029199999999 52.50634889908791)
POINT(13.323372899999999 52.490868999088406)
POINT(13.4060029 52.517259099087575)
POINT(13.5248623 52.455050399089586)
POINT(13.379389099999997 52.57083759908623)
POINT(13.3836847 52.511523099087746)
POINT(13.340089899999999 52.54343139908689)
POINT(13.410355 52.4997752990881)
POINT(13.333353599999999 52.50503699908797)
POINT(13.3777547 52.49281779908833)
POINT(13.4938738 52.51627649908761)
POINT(13.6075369 52.51393249908771)
POINT(13.3437893 52.510862699087774)
POINT(13.395490399999998 52.570735999086224)
POINT(13.3438601 52.517871199087566)
POINT(13.453331299999999 52.5069834990879)
POINT(13.3340771 52.48833959908848)
POINT(13.3940178 52.51779149908758)
POINT(13.451784 52.474137499088954)
POINT(13.408474699999998 52.52084799908751)
POINT(13.2777615 52.50368869908798)
POINT(13.0976312 52.41161089909127)
POINT(13.443115599999999 52.51097739908778)
POINT(13.4702411 52.52899639908727)
POINT(13.351660999999998 52.52570049908735)
POINT(13.3396889 52.48883999908845)
POINT(13.375644599999998 52.51493289908766)
POINT(13.5344278 52.49897849908814)
POINT(13.533897299999998 52.49894489908815)
POINT(13.3988586 52.51912579908753)
POINT(13.3115652 52.51814809908757)
POINT(13.3959044 52.516593199087616)
POINT(13.3874049 52.48413499908862)
POINT(13.4239623 52.47472739908893)
POINT(13.3786323 52.553280599086655)
POINT(13.315018299999998 52.504785099087975)
POINT(13.4023949 52.52161259908747)
POINT(13.4226724 52.54052939908696)
POINT(13.3816742 52.51684159908761)
POINT(13.4008383 52.58379959908594)
POINT(13.501880099999997 52.51731819908758)
POINT(13.481655399999998 52.47533209908889)
POINT(13.4253145 52.54033799908699)
POINT(13.548953499999998 52.464936499089255)
POINT(13.379523999999998 52.560053999086485)
POINT(13.399090700000002 52.52472049908739)
POINT(13.550182 52.460432799089396)
POINT(13.414162399999999 52.5274246990873)
POINT(13.5793307 52.44523499908996)
POINT(13.4808528 52.47582389908889)
POINT(13.298098899999998 52.521772399087475)
POINT(13.1219433 52.39614769909192)
POINT(13.361036499999999 52.453929399089645)
POINT(13.623387 52.41117469909129)
POINT(13.3920137 52.52710569908731)
POINT(13.580234899999999 52.53736719908703)
POINT(13.4229515 52.421535499090865)
POINT(13.390676000000001 52.50718709908788)
POINT(13.3879942 52.510068599087795)
POINT(13.374569200000002 52.52652419908735)
POINT(13.5028879 52.6255869990852)
POINT(13.393473999999998 52.5177505990876)
POINT(13.487502599999997 52.500968699088084)
POINT(13.410880699999998 52.528059299087296)
POINT(13.379294399999997 52.52049709908751)
POINT(13.432168900000002 52.47984369908876)
POINT(13.4426971 52.503887799087984)
POINT(13.4375114 52.47942239908877)
POINT(13.359022199999998 52.48940439908843)
POINT(13.573286199999998 52.44365989909001)
POINT(13.4325404 52.4782153990888)
POINT(13.4089041 52.520579099087506)
POINT(13.4446061 52.490072499088406)
POINT(13.087632399999999 52.41119749909129)
POINT(13.396956799999998 52.50733999908788)
POINT(13.1296399 52.392309099092074)
POINT(13.439289299999999 52.44671939908991)
POINT(13.138676799999999 52.47192629908901)
POINT(13.397880999999998 52.55461199908662)
POINT(13.0878384 52.4136102990912)
POINT(13.2934185 52.52161319908745)
POINT(13.357726499999998 52.49847099908816)
POINT(13.450413099999999 52.54497209908686)
POINT(13.4091755 52.52014519908752)
POINT(13.378131699999999 52.51976749908753)
POINT(13.131618000000001 52.39381939909201)
POINT(13.3472762 52.539006099087)
POINT(13.3900661 52.510156299087804)
POINT(13.3980372 52.52761059908731)
POINT(13.4140106 52.433045299090445)
POINT(13.4020749 52.52431699908741)
POINT(13.486206699999999 52.63190409908509)
POINT(13.3424842 52.51671219908762)
POINT(13.459287499999999 52.513962999087674)
POINT(13.379998099999998 52.521918199087445)
POINT(13.216078200000002 52.55487509908659)
POINT(13.412510299999997 52.563547799086386)
POINT(13.355507600000001 52.565389899086355)
POINT(13.677474499999999 52.43852079909023)
POINT(13.386784299999999 52.5589074990865)
POINT(13.402132099999998 52.5242639990874)
POINT(13.4207705 52.50105619908809)
POINT(13.393694199999999 52.527565599087296)
POINT(13.340529299999998 52.53392999908713)
POINT(13.358675599999998 52.48699229908852)
POINT(13.4348363 52.50431789908799)
POINT(13.292634999999999 52.45555999908958)
POINT(13.3872552 52.509930799087805)
POINT(13.379115199999998 52.530490299087226)
POINT(13.272700399999998 52.57363929908617)
POINT(13.644064199999999 52.44768179908987)
POINT(13.480855100000001 52.502990899088026)
POINT(13.420985899999998 52.54513409908685)
POINT(13.420243700000002 52.533315499087166)
POINT(13.467187399999998 52.48827939908849)
POINT(13.4390901 52.52756179908731)
POINT(13.3758584 52.48063659908871)
POINT(13.3955308 52.51794619908756)
POINT(13.3271013 52.50168189908806)
POINT(13.412962299999998 52.51827289908756)
POINT(13.340314199999998 52.506665299087906)
POINT(13.339388499999998 52.487222199088514)
POINT(13.411607499999999 52.52607919908734)
POINT(13.5333431 52.463098299089324)
POINT(13.5318421 52.50221119908804)
POINT(13.582059800000001 52.534923699087116)
POINT(13.4259402 52.49963789908812)
POINT(13.1337303 52.39448869909199)
POINT(13.462219499999998 52.5107634990878)
POINT(13.420880699999998 52.501084899088085)
POINT(13.367888299999999 52.50699779908789)
POINT(13.3899479 52.50150379908806)
POINT(13.375052999999998 52.53901069908701)
POINT(13.088299099999999 52.41320939909121)
POINT(13.398923499999999 52.51749739908759)
POINT(13.398231699999998 52.5174557990876)
POINT(13.3981738 52.51774349908759)
POINT(13.609298699999998 52.51888209908754)
POINT(13.475152299999998 52.49607979908823)
POINT(13.364788900000002 52.492565099088345)
POINT(13.3665611 52.50444969908798)
POINT(13.3647266 52.520254799087525)
POINT(13.362339199999997 52.499443099088126)
POINT(13.427197299999998 52.51136849908779)
POINT(13.3910257 52.51112389908778)
POINT(13.3933475 52.51097569908778)
POINT(13.290603099999998 52.49729329908819)
POINT(13.425686699999998 52.473980399088965)
POINT(13.479926899999999 52.476506399088855)
POINT(13.4133622 52.43721229909025)
POINT(13.195401199999997 52.56931649908629)
POINT(13.581251899999998 52.53469429908711)
POINT(13.479379899999998 52.502745599088016)
POINT(13.385534599999998 52.55715989908655)
POINT(13.249587999999997 52.54073689908695)
POINT(13.314556999999999 52.480928899088724)
POINT(13.4480557 52.477179399088826)
POINT(13.3812054 52.50561359908793)
POINT(13.3188208 52.503997799088)
POINT(13.4418813 52.44527699908997)
POINT(13.4623619 52.54941839908674)
POINT(13.336302599999998 52.541150899086944)
POINT(13.436192199999999 52.486897299088525)
POINT(13.322912699999998 52.50240919908801)
POINT(13.097269199999998 52.402243299091666)
POINT(13.397491799999997 52.50693019908789)
POINT(13.356220999999998 52.58958029908584)
POINT(13.557855499999999 52.54812589908677)
POINT(13.396145100000002 52.5171464990876)
POINT(13.3587074 52.49439699908827)
POINT(13.5307598 52.5005729990881)
POINT(13.5222328 52.506554599087906)
POINT(13.3742433 52.545100399086834)
POINT(13.378388 52.55370379908665)
POINT(13.3984425 52.57067949908623)
POINT(13.2576046 52.42510709909073)
POINT(13.3751245 52.508991199087845)
POINT(13.573799399999999 52.44617379908992)
POINT(13.5274023 52.46751189908915)
POINT(13.3927272 52.51267549908773)
POINT(13.407438199999998 52.51216339908775)
POINT(13.3685658 52.523987799087394)
POINT(13.41337 52.51347369908771)
POINT(13.376484 52.48984009908841)
POINT(13.2605701 52.524072199087406)
POINT(13.3309651 52.50323209908801)
POINT(13.379484699999999 52.49830959908817)
POINT(13.393342699999998 52.52088159908751)
POINT(13.527982199999999 52.46751959908918)
POINT(13.340806699999998 52.54330359908689)
POINT(13.4262934 52.43009399909054)
POINT(13.2800281 52.44769769908987)
POINT(13.351478400000001 52.545153799086854)
POINT(13.342990099999998 52.50889199908785)
POINT(13.3431362 52.50886459908783)
POINT(13.539446499999999 52.43313529909042)
POINT(13.5393076 52.43310299909041)
POINT(13.538916 52.433207699090424)
POINT(13.412850199999998 52.54411509908686)
POINT(13.328607 52.47897429908876)
POINT(13.364218999999999 52.488169799088475)
POINT(13.413110999999999 52.518334999087564)
POINT(13.4203136 52.539557699086984)
POINT(13.340071499999999 52.508972699087835)
POINT(13.4450264 52.50091819908806)
POINT(13.5433785 52.459754599089436)
POINT(13.353110699999998 52.505271399087945)
POINT(13.178087199999998 52.44033539909016)
POINT(13.4717775 52.5280029990873)
POINT(13.476016299999998 52.527562099087326)
POINT(13.3407546 52.506120599087936)
POINT(13.367157699999998 52.5066157990879)
POINT(13.3871677 52.48297279908864)
POINT(13.577166199999999 52.46425739908929)
POINT(13.293091699999998 52.520308199087516)
POINT(13.3020233 52.540021299086995)
POINT(13.394929199999998 52.57804489908608)
POINT(13.543169499999998 52.542787799086916)
POINT(13.3446144 52.47894369908879)
POINT(13.383014999999999 52.55368859908665)
POINT(13.3722791 52.5076241990879)
POINT(13.398754900000002 52.52962979908726)
POINT(13.442094299999999 52.516234599087625)
POINT(13.3262869 52.50930149908784)
POINT(13.4434998 52.50096389908809)
POINT(13.4390108 52.477288499088836)
POINT(13.319355599999998 52.50160969908806)
POINT(13.3297471 52.50423819908799)
POINT(13.377705299999999 52.51627479908762)
POINT(13.3513236 52.506182699087915)
POINT(13.3501958 52.50669949908791)
POINT(13.321460499999999 52.508745899087856)
POINT(13.412458399999998 52.51835559908758)
POINT(13.430324799999998 52.43548459909032)
POINT(13.443196 52.501176299088065)
POINT(13.3918812 52.527075499087324)
POINT(13.528173199999998 52.46760069908916)
POINT(13.409188299999999 52.51524769908766)
POINT(13.411457199999997 52.526407899087346)
POINT(13.472649699999998 52.50942529908782)
POINT(13.5788115 52.445678799089954)
POINT(13.444089799999999 52.50130129908808)
POINT(13.4430902 52.524837999087396)
POINT(13.572104399999999 52.537940999087034)
POINT(13.473882799999998 52.53059289908721)
POINT(13.3527473 52.49929229908814)
POINT(13.442564399999998 52.49189559908836)
POINT(13.594898399999998 52.429025199090574)
POINT(13.340610299999998 52.506887099087905)
POINT(13.528028399999998 52.46762009908915)
POINT(13.3761064 52.518593099087575)
POINT(13.57317 52.442499999090074)
POINT(13.6238187 52.45119069908973)
POINT(13.4087336 52.529120299087275)
POINT(13.340297999999999 52.45626269908956)
POINT(13.311865699999998 52.47862239908878)
POINT(13.3927431 52.517252999087574)
POINT(13.314099 52.489760699088414)
POINT(13.320982599999999 52.50270369908803)
POINT(13.3618687 52.5100655990878)
POINT(13.544124799999999 52.52548419908737)
POINT(13.375262700000002 52.50820029908787)
POINT(13.384635599999998 52.49221899908834)
POINT(13.4601241 52.49393359908829)
POINT(13.412018399999997 52.51503229908766)
POINT(13.3344915 52.5508680990867)
POINT(13.3905283 52.51463779908766)
POINT(13.4352456 52.48118909908871)
POINT(13.57653 52.44753999908988)
POINT(13.525640299999997 52.49907209908813)
POINT(13.4148018 52.51375149908769)
POINT(13.3345678 52.506522699087924)
POINT(13.102312799999998 52.41720849909104)
POINT(13.4130735 52.52674539908733)
POINT(13.4761553 52.52997989908725)
POINT(13.3578249 52.491935399088355)
POINT(13.236713 52.51456289908767)
POINT(13.426055599999998 52.42840889909059)
POINT(13.4267825 52.5280281990873)
POINT(13.1277823 52.39286749909206)
POINT(13.3268744 52.474300899088945)
POINT(13.3245457 52.503558699088)
POINT(13.586169199999999 52.412765699091224)
POINT(13.5857306 52.46274939908933)
POINT(13.2400421 52.520309299087515)
POINT(13.3601953 52.565742099086336)
POINT(13.259185499999997 52.43352229909041)
POINT(13.4999724 52.440566799090135)
POINT(13.395822999999998 52.51854899908756)
POINT(13.3943365 52.526313999087336)
POINT(13.589803599999998 52.44269139909005)
POINT(13.4798701 52.521492399087485)
POINT(13.1948514 52.569684999086256)
POINT(13.4011627 52.526216199087344)
POINT(13.2971723 52.51922389908752)
POINT(13.2679523 52.4492278990898)
POINT(13.395325999999999 52.52683309908733)
POINT(13.288106 52.504507299087976)
POINT(13.413784899999998 52.43484219909035)
POINT(13.468277999999998 52.49184989908836)
POINT(13.4421285 52.44546489908994)
POINT(13.3707092 52.54473069908685)
POINT(13.4167604 52.471040999089034)
POINT(13.454282299999997 52.496268099088226)
POINT(13.4071279 52.50313509908801)
POINT(13.6219525 52.449732599089785)
POINT(13.416276199999999 52.54358659908689)
POINT(13.3951815 52.51114429908777)
POINT(13.401264499999998 52.4966984990882)
POINT(13.1930675 52.51183859908776)
POINT(13.360375799999998 52.406385299091475)
POINT(13.2958372 52.52091929908749)
POINT(13.527224699999998 52.467685299089176)
POINT(13.5274208 52.46765189908917)
POINT(13.275443299999997 52.58405089908595)
POINT(13.298547999999998 52.515864999087626)
POINT(13.298674199999999 52.51582529908764)
POINT(13.5471484 52.461170699089394)
POINT(13.578504999999998 52.537980899087046)
POINT(13.426885399999998 52.5280236990873)
POINT(13.5165544 52.56600839908635)
POINT(13.4368247 52.49674949908822)
POINT(13.1934453 52.513182099087736)
POINT(13.482186399999998 52.47498569908892)
POINT(13.5366693 52.53475189908711)
POINT(13.578647399999998 52.44442779909001)
POINT(13.469591 52.491731499088374)
POINT(13.313371099999998 52.50088999908807)
POINT(13.5107367 52.456341699089556)
POINT(13.2644785 52.42703839909066)
POINT(13.489008799999999 52.4640256990893)
POINT(13.3514989 52.48423629908861)
POINT(13.3582193 52.504251199087975)
POINT(13.296579699999999 52.51273419908774)
POINT(13.303521399999997 52.504135799088)
POINT(13.600328599999997 52.41537029909112)
POINT(13.270444599999998 52.53944569908699)
POINT(13.457924299999998 52.53443639908712)
POINT(13.4156788 52.547628099086786)
POINT(13.438865099999997 52.5510652990867)
POINT(13.317065799999998 52.514415599087684)
POINT(13.309122499999999 52.51149609908776)
POINT(13.402916799999998 52.569639599086265)
POINT(13.241734099999999 52.52050139908751)
POINT(13.618055199999999 52.53075539908721)
POINT(13.346467699999998 52.51733629908758)
POINT(13.368976899999998 52.50648529908791)
POINT(13.529970799999997 52.50307829908802)
POINT(13.402949699999999 52.56960259908625)
POINT(13.402890899999997 52.56967779908626)
POINT(13.4079406 52.57357179908619)
POINT(13.484508799999999 52.54965099908672)
POINT(13.4686612 52.52846949908729)
POINT(13.3081782 52.51189319908777)
POINT(13.3461924 52.46417139908927)
POINT(13.3088998 52.51205079908776)
POINT(13.162192999999998 52.46048699908942)
POINT(13.437278699999998 52.538762699087016)
POINT(13.2900789 52.51012039908781)
POINT(13.4990838 52.63569269908505)
POINT(13.5586028 52.546823799086795)
POINT(13.4570485 52.518105399087574)
POINT(13.277053399999998 52.46518239908924)
POINT(13.4309467 52.47721139908884)
POINT(13.133989100000003 52.39418629909198)
POINT(13.3476441 52.51734759908759)
POINT(13.3719345 52.516619299087616)
POINT(13.489501299999999 52.54042619908695)
POINT(13.4213282 52.4782998990888)
POINT(13.205652799999998 52.53877989908701)
POINT(13.330729999999999 52.48261499908865)
POINT(13.577920699999998 52.53939649908699)
POINT(13.261684699999998 52.545217099086834)
POINT(13.2614569 52.545187699086846)
POINT(13.336418199999999 52.504822599087966)
POINT(13.4112918 52.55164299908668)
POINT(13.3855424 52.526338299087335)
POINT(13.427414200000001 52.543241099086885)
POINT(13.587784399999999 52.419297699090976)
POINT(13.3970643 52.5242251990874)
POINT(13.5269831 52.467808799089156)
POINT(13.338485999999998 52.51789139908759)
POINT(13.3016489 52.486062999088546)
POINT(13.3292213 52.509013099087845)
POINT(13.241412700000001 52.516151499087634)
POINT(13.5811985 52.5346820990871)
POINT(13.5278821 52.456716299089535)
POINT(13.487321999999999 52.51451859908767)
POINT(13.3595903 52.49008829908842)
POINT(13.090226099999999 52.42594719909071)
POINT(13.382827199999998 52.46241859908933)
POINT(13.571610999999999 52.56822589908629)
POINT(13.302668699999998 52.437256399090245)
POINT(13.595049999999999 52.43901999909019)
POINT(13.4439436 52.50124569908807)
POINT(13.4028231 52.56975899908624)
POINT(13.3024306 52.52197759908748)
POINT(13.405443099999998 52.57871109908604)
POINT(13.554913399999998 52.55702779908657)
POINT(13.3530916 52.50466849908797)
POINT(13.389373199999998 52.57044759908626)
POINT(13.33965 52.54341019908689)
POINT(13.3690401 52.51862289908755)
POINT(13.4169058 52.43623619909031)
POINT(13.370893299999999 52.56130389908646)
POINT(13.370609599999998 52.56285409908643)
POINT(13.427497399999998 52.428865699090586)
POINT(13.349776099999998 52.5770095990861)
POINT(13.468011499999998 52.507202799087885)
POINT(13.4660926 52.505725499087944)
POINT(13.2399123 52.51985139908751)
POINT(13.3293041 52.522797399087466)
POINT(13.584309999999999 52.45114999908976)
POINT(13.152701599999999 52.560495299086476)
POINT(13.261328 52.54573089908683)
POINT(13.3812321 52.49931369908815)
POINT(13.5720542 52.57071049908624)
POINT(13.4274903 52.49332689908832)
POINT(13.4174861 52.493014099088334)
POINT(13.325837999999997 52.50957639908783)
POINT(13.1970918 52.57823439908607)
POINT(13.5363699 52.44055289909014)
POINT(13.3478898 52.51896729908756)
POINT(13.3919976 52.50817169908786)
POINT(13.529431600000002 52.50394489908799)
POINT(13.449476300000002 52.508631299087845)
POINT(13.5963 52.43981999909017)
POINT(13.292984999999998 52.50813249908787)
POINT(13.3969692 52.512833999087725)
POINT(13.4067915 52.56011869908647)
POINT(13.4743707 52.479347399088766)
POINT(13.542531 52.464109799089286)
POINT(13.5429854 52.4634934990893)
POINT(13.4470296 52.44527949908996)
POINT(13.3848893 52.509887699087805)
POINT(13.1783836 52.43791389909024)
POINT(13.385475599999998 52.43957179909017)
POINT(13.242954299999997 52.4977182990882)
POINT(13.3821393 52.52373109908742)
POINT(13.427799499999999 52.51101789908778)
POINT(13.3944625 52.52641569908735)
POINT(13.398870199999998 52.52499659908738)
POINT(13.399197799999998 52.52072229908752)
POINT(13.3482818 52.5098343990878)
POINT(13.3932623 52.51781409908759)
POINT(13.4452761 52.50281539908803)
POINT(13.421009099999997 52.49231019908835)
POINT(13.264166599999998 52.537504999087034)
POINT(13.3223327 52.50522989908794)
POINT(13.4849594 52.57190399908621)
POINT(13.5210622 52.50399739908799)
POINT(13.391435199999998 52.50352509908799)
POINT(13.4426433 52.44487179908998)
POINT(13.3812645 52.532175299087186)
POINT(13.368051099999999 52.518543399087584)
POINT(13.379560599999998 52.56010929908647)
POINT(13.3840159 52.50629999908791)
POINT(13.539317999999998 52.427354399090646)
POINT(13.353282399999998 52.50531949908795)
POINT(13.352811 52.54556749908682)
POINT(13.57289 52.443279999090045)
POINT(13.4832135 52.532882199087176)
POINT(13.388650000000002 52.50745099908788)
POINT(13.3353175 52.509962099087815)
POINT(13.387146099999999 52.5209130990875)
POINT(13.3496321 52.577452799086096)
POINT(13.294342199999999 52.51166849908777)
POINT(13.2943515 52.42282149909084)
POINT(13.295302799999998 52.506349499087925)
POINT(13.311792800000001 52.43075749909049)
POINT(13.3520295 52.58023129908604)
POINT(13.378542499999998 52.55427529908661)
POINT(13.216818599999998 52.43184199909049)
POINT(13.542946699999998 52.40228959909166)
POINT(13.291830300000003 52.51091909908779)
POINT(13.591678400000001 52.4233587990908)
POINT(13.3021284 52.4085120990914)
POINT(13.5278096 52.46770829908916)
POINT(13.4022072 52.477593899088816)
POINT(13.425144099999999 52.494563199088276)
POINT(13.1101222 52.46888399908913)
POINT(13.337553899999998 52.504612799087965)
POINT(13.3340538 52.469967199089076)
POINT(13.4161827 52.51132619908776)
POINT(13.3938598 52.56907899908627)
POINT(13.3754004 52.55501639908659)
POINT(13.307701799999998 52.50966139908782)
POINT(13.356650499999999 52.49866779908815)
POINT(13.3249878 52.502674499088016)
POINT(13.6265849 52.44457069908999)
POINT(13.470059099999999 52.55234809908669)
POINT(13.562450599999998 52.4468495990899)
POINT(13.317438299999997 52.46731469908919)
POINT(13.293048299999999 52.52527179908736)
POINT(13.518325999999998 52.46407809908928)
POINT(13.3313379 52.495526099088266)
POINT(13.366205399999998 52.505663899087935)
POINT(13.410138800000002 52.4995879990881)
POINT(13.4169876 52.43203359909046)
POINT(13.238796299999999 52.442007199090085)
POINT(13.4287168 52.52875529908728)
POINT(13.298728899999999 52.5213266990875)
POINT(13.571682599999999 52.41285739909123)
POINT(13.4800174 52.48360689908864)
POINT(13.348581599999997 52.52184209908746)
POINT(13.546498399999999 52.5215251990875)
POINT(13.404912899999998 52.56968719908625)
POINT(13.368148799999998 52.50659589908791)
POINT(13.621362399999999 52.454190199089645)
POINT(13.3704891 52.61013619908543)
POINT(13.350109999999999 52.51450759908768)
POINT(13.720796899999998 52.43850799909022)
POINT(13.483241799999998 52.509396199087824)
POINT(13.205222 52.61179029908541)
POINT(13.391259700000003 52.510571699087784)
POINT(13.1945907 52.569180899086255)
POINT(13.323107499999999 52.51157689908776)
POINT(13.3796834 52.50852559908784)
POINT(13.141085200000001 52.47282689908898)
POINT(13.251216899999998 52.48711369908852)
POINT(13.4044029 52.546171399086816)
POINT(13.3886648 52.517265599087615)
POINT(13.5425806 52.4640092990893)
POINT(13.5781225 52.444327699089996)
POINT(13.5788004 52.44447499909)
POINT(13.574758499999998 52.45260279908969)
POINT(13.5783415 52.44432879908999)
POINT(13.4315103 52.430455399090526)
POINT(13.587446199999999 52.41197929909124)
POINT(13.350076999999999 52.506725099087916)
POINT(13.348794299999998 52.507217699087896)
POINT(13.3952356 52.50313329908801)
POINT(13.469837199999999 52.528240499087296)
POINT(13.303754399999999 52.470499599089074)
POINT(13.3576363 52.54057179908697)
POINT(13.409097799999998 52.42961969909055)
POINT(13.3630563 52.509621299087826)
POINT(13.5174901 52.465804399089215)
POINT(13.308883 52.494376899088294)
POINT(13.40286 52.56971839908624)
POINT(13.318419199999997 52.50528109908796)
POINT(13.336552900000001 52.51014999908782)
POINT(13.4407424 52.54175249908693)
POINT(13.379751799999998 52.520022599087504)
POINT(13.318448599999998 52.50906059908784)
POINT(13.341520599999999 52.5553252990866)
POINT(13.2973127 52.49571539908827)
POINT(13.418029499999998 52.49312059908831)
POINT(13.328656 52.52253529908746)
POINT(13.5787421 52.45500749908958)
POINT(13.574264199999998 52.444768599089976)
POINT(13.289822499999998 52.47050139908907)
POINT(13.3762039 52.52619279908733)
POINT(13.3934583 52.5176015990876)
POINT(13.3653213 52.510441899087795)
POINT(13.388106999999998 52.500195999088106)
POINT(13.4760839 52.530623699087236)
POINT(13.468671999999998 52.528343899087275)
POINT(13.3512184 52.50832099908786)
POINT(13.3282957 52.479837699088755)
POINT(13.377328399999998 52.51209449908775)
POINT(13.382422000000002 52.48942949908844)
POINT(13.3474939 52.52273309908745)
POINT(13.421185299999998 52.43140209909049)
POINT(13.1930833 52.568256499086296)
POINT(13.293534799999998 52.50869319908785)
POINT(13.1066406 52.45771459908952)
POINT(13.396716499999998 52.56629319908632)
POINT(13.468590499999998 52.491427799088385)
POINT(13.581088599999998 52.53482759908712)
POINT(13.3642272 52.486315099088536)
POINT(13.438064299999999 52.47889769908877)
POINT(13.413949899999999 52.434457899090354)
POINT(13.4243424 52.497988099088175)
POINT(13.440862899999999 52.5001082990881)
POINT(13.2893452 52.4971686990882)
POINT(13.450804999999999 52.474139099088944)
POINT(13.241498599999998 52.520760399087486)
POINT(13.3678133 52.50859249908786)
POINT(13.428142199999998 52.428430499090595)
POINT(13.400828199999998 52.49412639908829)
POINT(13.2659463 52.401683699091684)
POINT(13.4489336 52.54195449908693)
POINT(13.406314399999998 52.51648949908762)
POINT(13.421413299999998 52.54352799908688)
POINT(13.5283247 52.46762729908917)
POINT(13.425693 52.49195639908835)
POINT(13.455957199999999 52.50895439908784)
POINT(13.1603261 52.46144989908938)
POINT(13.4731271 52.52841739908728)
POINT(13.2855955 52.494794099088274)
POINT(13.547663899999998 52.46454819908928)
POINT(13.4795588 52.476713399088865)
POINT(13.572749999999997 52.44237999909008)
POINT(13.4177568 52.525169999087375)
POINT(13.580822299999998 52.537388499087044)
POINT(13.5406749 52.41843189909098)
POINT(13.5733426 52.450476799089785)
POINT(13.3343853 52.44805459908987)
POINT(13.286566399999998 52.5069063990879)
POINT(13.295433699999998 52.45487849908961)
POINT(13.577938499999998 52.444383499089994)
POINT(13.474147199999999 52.52914439908727)
POINT(13.4411045 52.47366889908896)